10182
10297
103
1037
10690
10859
109
10990
110
11160
112
114
116
11661
11701
1204
1205
12052
1230
1233
1241
1245
1248
1269
12799
13022
13240
1327
134
139
1461
15152
1532
17051
17288
1733
17402
17604
17881
1813
18277
18918
1892
18973
192
19274
19292
1979
205
206
21007
212
2130
2157
2176
2178
22226
2227
2231
23659
24045
2524
26510
27105
27319
27578
287
2888
2963
3036
31
3138
3223
3291
33
3490
35
36422
380
38673
3894
3895
3899
3967
39995
41088
4252
4483
449
4491
4495
4690
4724
4785
4937
500
504
5064
51329
518
524
52848
529
5292
5293
55636
55638
5576
5587
5723
57599
57755
58225
62
62862
63
64
64342
6613
6885
6941
6968
7056
707
70851
72129
7399
74568
7499
7904
819
821
85
8655
880
882
884
887
8891
9273
9642